-239
-367
-356
668
223
996
-379
94
-1
-217
747
-743
-500
302
32
431
-710
687
300
412
-852
96
385
367
-826
-166
-229
595
-810
-265
-765
685
116
-416
-93
-232
-673
503
-922
393
750
194
530
-346
-773
-246
731
-927
-363
128
-566
23
949
-129
-739
505
-568
379
-9
-763
729
465
-38
126
-430
559
-432
744
718
240
966
-707
-390
-429
225
470
694
126
152
874
-160
857
-242
-318
-908
21
376
-889
57
555
-518
480
94
599
-779
-228
-310
78
580
-793
-685
-386
894
298
812
594
-829
-972
-738
853
9
802
-838
929
515
735
64
32
367
248
-215
377
782
318
-61
145
697
-104
451
775
-303
890
-765
-757
571
-91
319
-357
0
-362
596
-950
103
-131
400
-874
335
85
-319
11
-474
429
83
479
691
-950
-709
-147
-785
-207
-520
885
335
-378
-423
-712
-752
-580
-42
297
-463
-705
-581
457
727
-75
527
-605
818
-465
550
-302
550
297
228
354
405
59
439
-122
735
-238
559
975
779
331
-801
-58
492
-731
-337
-799
414
-528
-38
843
-71
548
976
322
655
158
16
651
949
-647
-148
261
-762
243
390
-963
-341
-51
-395
857
-517
469
-127
-956
-548
-890
195
-970
-930
-726
-747
905
633
72
993
-422
521
543
764
-112
-934
104
682
-129
679
922
834
-851
-904
560
-45
488
612
59
-115
-830
786
-692
652
-539
-374
470
-329
680
619
680
-718
401
-472
-3
32
-953
-77
-36
410
466
-563
-242
594
153
-638
-647
119
879
-721
821
-382
-269
589
961
187
-768
799
111
655
-346
-355
-824
587
-761
-364
-823
-660
564
672
454
64
-263
-717
987
-440
-337
-81
-62
235
-3
495
-836
-843
937
-261
624
-137
354
357
88
250
-135
689
-285
-744
-922
247
-107
-495
-358
